2.000000
1.902113
1.618034
1.175571
0.618034
0.000000
-0.618034
-1.175571
-1.618034
-1.902113
-2.000000
-1.902113
-1.618034
-1.175571
-0.618034
-0.000000
0.618034
1.175571
1.618034
1.902113
2.000000
1.902113
1.618034
1.175571
0.618034
-0.000000
-0.618034
-1.175571
-1.618034
-1.902113
-2.000000
-1.902113
-1.618034
-1.175571
-0.618034
0.000000
0.618034
1.175571
1.618034
1.902113
2.000000
1.902113
1.618034
1.175571
0.618034
0.000000
-0.618034
-1.175571
-1.618034
-1.902113
-2.000000
-1.902113
-1.618034
-1.175571
-0.618034
0.000000
0.618034
1.175571
1.618034
1.902113
2.000000
1.902113
1.618034
1.175571
0.618034
-0.000000
-0.618034
-1.175571
-1.618034
-1.902113
-2.000000
-1.902113
-1.618034
-1.175571
-0.618034
0.000000
0.618034
1.175571
1.618034
1.902113
2.000000
1.902113
1.618034
1.175571
0.618034
-0.000000
-0.618034
-1.175571
-1.618034
-1.902113
-2.000000
-1.902113
-1.618034
-1.175571
-0.618034
0.000000
0.618034
1.175571
1.618034
1.902113
